11.4145
10.5576
9.8359
9.4032
9.2516
9.2202
9.1464
9.081
8.9596
8.9568
8.9518
9.0287
9.2035
9.2969
9.3685
9.4905
9.6373
9.6673
9.784
9.9884
10.0571
10.1748
10.3089
10.3989
10.5485
10.797
10.9553
11.0427
11.2333
11.152
11.5326
11.6368
11.7189
11.8337
11.9657
12.0818
11.9817
12.4265
12.3529
12.411
12.5386
12.6172
12.7725
12.733
12.756
12.8286
12.9285
12.9449
12.9721
12.9899
13.0615
13.1318
13.1541
13.074
13.1026
13.1212
13.0829
12.9155
12.7562
13.1657
10.9204
10.9617
12.0486
12.1082
12.209
12.3388
12.696
12.4398
12.9603
13.0423
13.306
13.499
13.6514
13.8627
13.9894
14.075
14.0568
14.4057
14.03
14.3447
14.0994
14.3206
14.663
14.3011
14.3845
14.3449
14.5593
14.3828
14.7449
14.3625
14.7235
14.9393
14.5511
14.5222
14.4472
14.4911
14.5624
14.6778
14.4361
14.4754
15.0889
14.5301
14.8357
14.2098
14.3863
14.2951
14.0805
14.6749
13.8581
13.6977
14.239
14.1659
13.9777
14.0893
14.0035
13.8995
13.9136
13.7395
13.8589
13.7447
13.5686
13.6306
13.6186
13.4837
13.7311
13.3018
13.2492
13.1748
12.5826
13.3697
12.9115
12.9978
13.1254
13.0138
12.7113
12.5729
12.6983
12.9179
12.8538
12.419
12.2814
12.4928
12.5225
12.2935
12.2304
12.8611
12.2393
12.4033
12.3942
12.0963
11.1417
12.5455
11.5646
11.5412
12.522
11.5709
11.9529
11.6295
11.787
11.4809
11.4182
11.5231
11.3719
11.5861
11.2104
11.3786
11.1946
11.2782
11.044
11.2605
10.9284
11.0036
10.8991
11.1067
10.8645
11.04
10.7768
10.8345
10.8051
10.8
10.6244
10.7053
10.5265
10.5508
10.8186
10.1865
10.657
10.3037
10.3139
10.5506
10.065
10.3874
10.1408
10.2884
10.3154
10.0675
10.1737
10.2441
9.8973
10.232
9.8134
10.0023
10.022
9.6704
10.1366
9.7631
9.6911
10.0539
9.6193
9.5649
9.9526
9.5118
9.5145
9.6309
9.7042
9.2844
9.6337
9.703
8.9761
9.6891
9.4626
9.3981
8.7857
9.4296
9.4521
8.9016
9.1476
9.6792
8.9831
9.034
9.5281
