402.4402
411.3164
419.3725
426.9674
434.3084
441.6589
449.0336
456.3773
463.731
470.9489
478.1763
485.4096
492.6999
500.1372
507.6631
515.1758
522.9162
530.6671
538.4871
546.48
554.5646
562.7366
571.0028
579.3517
587.8235
596.4751
605.3912
614.1723
623.1971
632.1317
641.3333
650.7905
660.2636
669.8167
679.4728
689.4208
699.0959
708.9966
719.1722
729.2445
739.4175
749.7307
760.0969
770.5285
780.9124
791.3616
801.9366
812.5399
823.1458
833.7513
844.4271
855.1821
865.9494
876.6408
887.2659
897.9865
908.644
919.1763
929.3855
939.86
942.9579
951.0114
959.522
969.39
978.7377
988.4116
998.3749
1008.1683
1017.9846
1028.8063
1037.7646
1047.4312
1057.3804
1067.61
1078.0391
1088.5898
1099.1083
1109.7408
1120.4946
1131.1431
1141.8737
1152.4716
1163.4841
1174.5258
1185.3979
1196.1748
1207.1149
1217.6959
1228.9989
1240.0568
1250.7955
1262.3344
1273.3064
1284.2795
1295.1967
1306.0472
1317.0177
1328.0897
1338.9463
1349.599
1360.8427
1372.719
1383.0083
1394.5247
1405.3883
1416.3103
1427.1056
1438.1699
1448.9209
1459.0675
1469.7003
1480.6201
1491.1978
1501.7793
1512.4137
1523.0071
1533.5645
1544.0302
1554.5801
1565.1215
1575.3931
1585.6315
1595.9795
1606.2433
1616.584
1626.7812
1636.8546
1646.9728
1656.7723
1666.9666
1677.1246
1687.1718
1697.0093
1706.8075
1716.5975
1726.4375
1736.2556
1745.9294
1755.549
1765.2532
1774.9093
1784.4419
1793.6891
1803.366
1812.8206
1822.1488
1831.7412
1841.0494
1850.2787
1859.2976
1868.0181
1878.4633
1886.8109
1895.8464
1904.6282
1914.0479
1923.0891
1931.9916
1940.8306
1949.639
1958.3706
1967.059
1975.7814
1984.5479
1993.2886
2001.8428
2010.4103
2019.0496
2027.476
2035.9952
2044.4224
2052.7573
2061.1379
2069.5388
2077.7517
2086.1008
2094.4077
2102.5481
2110.8167
2118.9553
2127.094
2135.2354
2143.2258
2151.1257
2159.2878
2167.2524
2175.0713
2183.1833
2190.8354
2198.887
2206.5977
2214.3416
2222.1929
2229.7532
2237.6477
2245.2136
2252.8484
2260.6279
2268.0422
2275.7695
2283.2751
2290.573
2298.335
2305.5022
2312.9121
2320.6401
2327.6069
2335.2361
2342.5889
2349.5752
2357.0225
2364.3708
2371.3364
2378.5095
2385.8086
2392.8418
2399.801
2407.3386
2414.1565
2420.9873
2428.4001
2435.3269
2442.1877
2448.9236
2456.3296
2462.813
2469.4155
2476.7913
2483.5906
2490.0281
2496.874
